[gd_scene load_steps=11 format=3 uid="uid://dpek5k03v7il3"]

[ext_resource type="Script" path="res://Scripts/Level.gd" id="1_ywfis"]
[ext_resource type="PackedScene" uid="uid://bni26pvvjmxp7" path="res://Scenes/karen.tscn" id="2_264dn"]
[ext_resource type="Texture2D" uid="uid://ca1ypvva8efdj" path="res://addons/kenney_prototype_textures/light/texture_12.png" id="3_tadb7"]
[ext_resource type="PackedScene" uid="uid://c4u2iyv7jegsk" path="res://Scenes/Entities/PlayerSpawn.tscn" id="4_3nv4c"]

[sub_resource type="PhysicalSkyMaterial" id="PhysicalSkyMaterial_13cyk"]

[sub_resource type="Sky" id="Sky_nbqb8"]
sky_material = SubResource( "PhysicalSkyMaterial_13cyk" )
process_mode = 2

[sub_resource type="Environment" id="Environment_11nq5"]
background_mode = 2
sky = SubResource( "Sky_nbqb8" )
ambient_light_source = 3
ambient_light_color = Color(0.329412, 0.501961, 0.623529, 1)
tonemap_mode = 3
sdfgi_enabled = true
glow_enabled = true
glow_bloom = 0.36
volumetric_fog_enabled = true
volumetric_fog_density = 0.0

[sub_resource type="ORMMaterial3D" id="ORMMaterial3D_g5sqx"]
albedo_color = Color(0.74, 0.3552, 0.296, 1)
albedo_texture = ExtResource( "3_tadb7" )
uv1_triplanar = true

[sub_resource type="ORMMaterial3D" id="ORMMaterial3D_o33wg"]
albedo_color = Color(1, 0.632, 0.04, 1)

[sub_resource type="FogMaterial" id="FogMaterial_txp7y"]

[node name="Level" type="Node3D"]
script = ExtResource( "1_ywfis" )

[node name="PlayerSpawn" parent="." instance=ExtResource( "4_3nv4c" )]
transform = Transform3D(1, 0, 0, 0, 1, 0, 0, 0, 1, -3.59812, 0.263404, -1.64742)

[node name="WorldEnvironment" type="WorldEnvironment" parent="."]
environment = SubResource( "Environment_11nq5" )

[node name="DirectionalLight3D" type="DirectionalLight3D" parent="."]
transform = Transform3D(-0.998971, -0.0452168, 0.00363804, 0.0264808, -0.516159, 0.856084, -0.0368316, 0.855299, 0.516825, -0.778092, 1.72439, 0)
shadow_enabled = true
directional_shadow_max_distance = 250.0

[node name="CSGCombiner3D" type="CSGCombiner3D" parent="."]
gi_mode = 1
use_collision = true

[node name="CSGBox3D" type="CSGBox3D" parent="CSGCombiner3D"]
transform = Transform3D(1, 0, 0, 0, 1, 0, 0, 0, 1, -0.000144958, -0.712976, -0.00104141)
gi_mode = 1
size = Vector3(20, 0.098, 20)
material = SubResource( "ORMMaterial3D_g5sqx" )

[node name="CSGBox3D2" type="CSGBox3D" parent="CSGCombiner3D"]
transform = Transform3D(1, 0, 0, 0, 1, 0, 0, 0, 1, 0.475712, 2.01263, -0.0879278)
gi_mode = 1
size = Vector3(5, 0.5, 5)
material = SubResource( "ORMMaterial3D_g5sqx" )

[node name="CSGBox3D3" type="CSGBox3D" parent="CSGCombiner3D"]
transform = Transform3D(-4.37114e-08, -1, 0, 1, -4.37114e-08, 0, 0, 0, 1, 3.40315, -0.234941, -0.0879278)
gi_mode = 1
size = Vector3(5, 2, 5)
material = SubResource( "ORMMaterial3D_g5sqx" )

[node name="CSGBox3D4" type="CSGBox3D" parent="CSGCombiner3D"]
transform = Transform3D(1, 0, 0, 0, 0.707107, -0.707107, 0, 0.707107, 0.707107, 3.404, -0.025, 3.996)
gi_mode = 1
size = Vector3(2, 1, 5.478)
material = SubResource( "ORMMaterial3D_o33wg" )

[node name="FogVolume" type="FogVolume" parent="."]
transform = Transform3D(1, 0, 0, 0, 1, 0, 0, 0, 1, -0.121793, 0.878909, 4.52249)
visible = false
extents = Vector3(1.74967, 1.20274, 1.27702)
material = SubResource( "FogMaterial_txp7y" )

[node name="SpotLight3D" type="SpotLight3D" parent="."]
transform = Transform3D(0.113296, 0.99356, 0.00171452, 0.985182, -0.112564, 0.129402, 0.128761, -0.0129716, -0.991591, 3.61874, -0.264713, 2.76605)
visible = false
light_energy = 3.44
light_indirect_energy = 2.88
light_bake_mode = 1
shadow_enabled = true
spot_range = 3.4782
spot_angle = 46.4062

[node name="SpotLight3D2" type="SpotLight3D" parent="."]
transform = Transform3D(-0.967068, -0.239044, -0.0873987, -0.0121747, 0.386439, -0.922234, 0.254229, -0.890799, -0.376623, -1.08239, 0.524872, -2.64557)
visible = false
light_energy = 4.68
light_indirect_energy = 2.32
light_bake_mode = 1
shadow_enabled = true

[node name="karen" parent="." instance=ExtResource( "2_264dn" )]
transform = Transform3D(1, 0, 0, 0, 1, 0, 0, 0, 1, 0.681753, 0, -2.58531)
