[gd_scene load_steps=8 format=3 uid="uid://s4qfl58fkd3q"]

[ext_resource type="PackedScene" uid="uid://d1k3ks7jyxjfw" path="res://Player/Player.tscn" id="1_nnrt1"]
[ext_resource type="PackedScene" uid="uid://bni26pvvjmxp7" path="res://Scenes/karen.tscn" id="2_264dn"]

[sub_resource type="PhysicalSkyMaterial" id="PhysicalSkyMaterial_13cyk"]

[sub_resource type="Sky" id="Sky_nbqb8"]
sky_material = SubResource( "PhysicalSkyMaterial_13cyk" )

[sub_resource type="Environment" id="Environment_11nq5"]
background_mode = 2
sky = SubResource( "Sky_nbqb8" )
ambient_light_source = 3
ambient_light_color = Color(0.329412, 0.501961, 0.623529, 1)
tonemap_mode = 3
sdfgi_enabled = true
glow_enabled = true
glow_bloom = 0.36
volumetric_fog_enabled = true
volumetric_fog_density = 0.0

[sub_resource type="ORMMaterial3D" id="ORMMaterial3D_g5sqx"]
albedo_color = Color(0.65098, 0.294118, 0.321569, 1)

[sub_resource type="FogMaterial" id="FogMaterial_txp7y"]

[node name="Scene" type="Node3D"]

[node name="WorldEnvironment" type="WorldEnvironment" parent="."]
environment = SubResource( "Environment_11nq5" )

[node name="DirectionalLight3D" type="DirectionalLight3D" parent="."]
transform = Transform3D(-0.998971, -0.0452169, 0.00363805, 0.0264808, -0.516159, 0.856084, -0.0368316, 0.855299, 0.516825, -0.778092, 1.72439, 0)
light_bake_mode = 1
shadow_enabled = true
directional_shadow_max_distance = 250.0

[node name="CSGCombiner3D" type="CSGCombiner3D" parent="."]
gi_mode = 1
use_collision = true

[node name="CSGBox3D" type="CSGBox3D" parent="CSGCombiner3D"]
transform = Transform3D(1, 0, 0, 0, 1, 0, 0, 0, 1, -0.000144958, -0.712976, -0.00104141)
gi_mode = 1
size = Vector3(20, 0.098, 20)
material = SubResource( "ORMMaterial3D_g5sqx" )

[node name="CSGBox3D2" type="CSGBox3D" parent="CSGCombiner3D"]
transform = Transform3D(1, 0, 0, 0, 1, 0, 0, 0, 1, 0.475712, 2.01263, -0.0879278)
gi_mode = 1
size = Vector3(5, 0.5, 5)
material = SubResource( "ORMMaterial3D_g5sqx" )

[node name="CSGBox3D3" type="CSGBox3D" parent="CSGCombiner3D"]
transform = Transform3D(-4.37114e-08, -1, 0, 1, -4.37114e-08, 0, 0, 0, 1, 3.40315, -0.234941, -0.0879278)
gi_mode = 1
size = Vector3(5, 2, 5)
material = SubResource( "ORMMaterial3D_g5sqx" )

[node name="CharacterBody3D" parent="." instance=ExtResource( "1_nnrt1" )]
transform = Transform3D(1, 0, 0, 0, 1, 0, 0, 0, 1, 0.883166, 0.34414, 0.893416)

[node name="FogVolume" type="FogVolume" parent="."]
transform = Transform3D(1, 0, 0, 0, 1, 0, 0, 0, 1, -0.121793, 0.878909, 4.52249)
visible = false
extents = Vector3(1.74967, 1.20274, 1.27702)
material = SubResource( "FogMaterial_txp7y" )

[node name="SpotLight3D" type="SpotLight3D" parent="."]
transform = Transform3D(-0.957908, -5.46604e-07, 0.287076, -0.276678, 0.2667, -0.923212, -0.0765628, -0.96378, -0.255475, 1.63174, 0.36865, -1.54103)
light_energy = 6.04
shadow_enabled = true

[node name="SpotLight3D2" type="SpotLight3D" parent="."]
transform = Transform3D(-0.014944, 0.728692, -0.684679, -0.00361312, 0.684712, 0.728805, 0.999882, 0.0133651, -0.00759945, -1.08239, 0.524872, -2.64557)
light_energy = 4.68
shadow_enabled = true

[node name="karen" parent="." instance=ExtResource( "2_264dn" )]
transform = Transform3D(1, 0, 0, 0, 1, 0, 0, 0, 1, 0.681753, 0, -2.58531)
