[gd_scene load_steps=11 format=3 uid="uid://dpek5k03v7il3"]

[ext_resource type="Script" path="res://Scripts/Level.gd" id="1_ywfis"]
[ext_resource type="PackedScene" uid="uid://bni26pvvjmxp7" path="res://Scenes/karen.tscn" id="2_264dn"]
[ext_resource type="Texture2D" uid="uid://ca1ypvva8efdj" path="res://addons/kenney_prototype_textures/light/texture_12.png" id="3_tadb7"]
[ext_resource type="PackedScene" uid="uid://c4u2iyv7jegsk" path="res://Scenes/Entities/PlayerSpawn.tscn" id="4_3nv4c"]

[sub_resource type="ProceduralSkyMaterial" id="ProceduralSkyMaterial_o1pxk"]
sky_top_color = Color(0.180392, 0.0588235, 0.027451, 1)
sky_horizon_color = Color(0.145098, 0.0627451, 0.0392157, 1)
ground_bottom_color = Color(0.145098, 0.0627451, 0.0392157, 1)
ground_horizon_color = Color(0.145098, 0.0627451, 0.0392157, 1)

[sub_resource type="Sky" id="Sky_nbqb8"]
sky_material = SubResource( "ProceduralSkyMaterial_o1pxk" )
process_mode = 2

[sub_resource type="Environment" id="Environment_11nq5"]
background_mode = 2
sky = SubResource( "Sky_nbqb8" )
ambient_light_source = 3
ambient_light_energy = 8.16
tonemap_mode = 3
ssao_enabled = true
sdfgi_enabled = true
glow_enabled = true
glow_bloom = 0.36
volumetric_fog_enabled = true

[sub_resource type="ORMMaterial3D" id="ORMMaterial3D_g5sqx"]
albedo_texture = ExtResource( "3_tadb7" )
uv1_triplanar = true

[sub_resource type="ORMMaterial3D" id="ORMMaterial3D_o33wg"]
albedo_color = Color(1, 0.632, 0.04, 1)

[sub_resource type="FogMaterial" id="FogMaterial_txp7y"]

[node name="Level" type="Node3D"]
script = ExtResource( "1_ywfis" )

[node name="PlayerSpawn" parent="." instance=ExtResource( "4_3nv4c" )]
transform = Transform3D(1, 0, 0, 0, 1, 0, 0, 0, 1, -3.59812, 0.263404, -1.64742)

[node name="WorldEnvironment" type="WorldEnvironment" parent="."]
environment = SubResource( "Environment_11nq5" )

[node name="DirectionalLight3D" type="DirectionalLight3D" parent="."]
transform = Transform3D(-0.998971, -0.0452169, 0.00363809, 0.0290835, -0.576858, 0.816326, -0.0348131, 0.815592, 0.577579, -0.778092, 1.72439, 0)
light_color = Color(0.278431, 0.196078, 0, 1)
shadow_enabled = true
directional_shadow_max_distance = 250.0

[node name="CSGCombiner3D" type="CSGCombiner3D" parent="."]
gi_mode = 1
use_collision = true

[node name="CSGBox3D" type="CSGBox3D" parent="CSGCombiner3D"]
transform = Transform3D(1, 0, 0, 0, 1, 0, 0, 0, 1, -0.000144958, -0.712976, -0.00104141)
gi_mode = 1
size = Vector3(20, 0.098, 20)
material = SubResource( "ORMMaterial3D_g5sqx" )

[node name="CSGBox3D2" type="CSGBox3D" parent="CSGCombiner3D"]
transform = Transform3D(1, 0, 0, 0, 1, 0, 0, 0, 1, 0.475712, 2.01263, -0.0879278)
gi_mode = 1
size = Vector3(5, 0.5, 14.618)
material = SubResource( "ORMMaterial3D_g5sqx" )

[node name="CSGBox3D3" type="CSGBox3D" parent="CSGCombiner3D"]
transform = Transform3D(1, 0, 0, 0, 1, 0, 0, 0, 1, 0.475712, 5.18976, -0.0879278)
gi_mode = 1
size = Vector3(5, 0.5, 14.618)
material = SubResource( "ORMMaterial3D_g5sqx" )

[node name="CSGBox3D9" type="CSGBox3D" parent="CSGCombiner3D"]
transform = Transform3D(1, 0, 0, 0, 0, -1, 0, 1, 0, 0.475712, 3.58925, 6.99212)
gi_mode = 1
size = Vector3(5, 0.5, 4.198)
material = SubResource( "ORMMaterial3D_g5sqx" )

[node name="CSGBox3D10" type="CSGBox3D" parent="CSGCombiner3D"]
transform = Transform3D(1, 0, 0, 0, 0, -1, 0, 1, 0, 0.475712, 3.58925, -7.24689)
gi_mode = 1
size = Vector3(5, 0.5, 4.198)
material = SubResource( "ORMMaterial3D_g5sqx" )

[node name="CSGBox3D5" type="CSGBox3D" parent="CSGCombiner3D"]
transform = Transform3D(0, -1, 0, 1, 0, 0, 0, 0, 1, -1.76655, 4.3703, -0.0879278)
gi_mode = 1
size = Vector3(5, 0.5, 14.618)
material = SubResource( "ORMMaterial3D_g5sqx" )

[node name="CSGBox3D6" type="CSGBox3D" parent="CSGCombiner3D"]
transform = Transform3D(0, -1, 0, 1, 0, 0, 0, 0, 1, 2.72133, 4.3703, -0.0879278)
gi_mode = 1
size = Vector3(5, 0.5, 14.618)
material = SubResource( "ORMMaterial3D_g5sqx" )

[node name="CSGBox3D4" type="CSGBox3D" parent="CSGCombiner3D"]
transform = Transform3D(1, 0, 0, 0, 0.707107, -0.707107, 0, 0.707107, 0.707107, 3.404, -0.025, 3.996)
gi_mode = 1
size = Vector3(2, 1, 5.478)
material = SubResource( "ORMMaterial3D_o33wg" )

[node name="CSGBox3D7" type="CSGBox3D" parent="CSGCombiner3D"]
transform = Transform3D(1, 0, 0, 0, 1, 0, 0, 0, 1, 3.97854, 1.76505, -0.32916)
gi_mode = 1
size = Vector3(2, 1, 5.478)
material = SubResource( "ORMMaterial3D_o33wg" )

[node name="CSGBox3D8" type="CSGBox3D" parent="CSGCombiner3D"]
transform = Transform3D(1, 0, 0, 0, 1, 0, 0, 0, 1, 2.719, 3.31099, -0.312282)
gi_mode = 1
operation = 2
size = Vector3(0.55, 2.1, 1.5)
material = SubResource( "ORMMaterial3D_o33wg" )

[node name="FogVolume" type="FogVolume" parent="."]
transform = Transform3D(1, 0, 0, 0, 1, 0, 0, 0, 1, -0.376905, 0.878909, -2.55689)
extents = Vector3(1.74967, 1.20274, 1.27702)
material = SubResource( "FogMaterial_txp7y" )

[node name="SpotLight3D" type="SpotLight3D" parent="."]
transform = Transform3D(0.113296, 0.99356, 0.00171452, 0.985182, -0.112564, 0.129402, 0.128761, -0.0129716, -0.991591, 3.61874, -0.264713, 2.76605)
visible = false
light_energy = 3.44
light_indirect_energy = 2.88
light_bake_mode = 1
shadow_enabled = true
spot_range = 3.4782
spot_angle = 46.4062

[node name="SpotLight3D2" type="SpotLight3D" parent="."]
transform = Transform3D(-0.932435, -0.224039, -0.283498, 0.16304, -0.961034, 0.22323, -0.322464, 0.161926, 0.932629, -1.08239, 4.15486, -2.64557)
light_energy = 1.3
light_bake_mode = 1
shadow_enabled = true
spot_range = 10.9115

[node name="SpotLight3D3" type="SpotLight3D" parent="."]
transform = Transform3D(-0.873855, -0.277711, -0.399067, -0.480161, 0.364124, 0.798035, -0.0763132, 0.888983, -0.451537, -5.57645, 4.15486, -2.64557)
light_color = Color(1, 0.937255, 0.760784, 1)
light_energy = 2.4
light_bake_mode = 1
shadow_enabled = true
spot_range = 74.8977

[node name="karen" parent="." instance=ExtResource( "2_264dn" )]
transform = Transform3D(1, 0, 0, 0, 1, 0, 0, 0, 1, 0.681753, 0, -2.58531)
